product_id,product_name,date,inventory_level,orders,lead_time_days
SKU123,Widget A,2025-01-01,150,23,5
SKU123,Widget A,2025-01-02,127,18,5
SKU123,Widget A,2025-01-03,109,15,5
SKU123,Widget A,2025-01-04,94,20,5
SKU123,Widget A,2025-01-05,74,12,5
SKU123,Widget A,2025-01-06,62,8,5
SKU123,Widget A,2025-01-07,54,16,5
SKU123,Widget A,2025-01-08,138,22,5
SKU123,Widget A,2025-01-09,116,19,5
SKU123,Widget A,2025-01-10,97,14,5 